41
1.92539e-07,2.09079e-07,2.0725e-07,1.9665e-07,2.14518e-07,2.10913e-07,2.00636e-07,2.15571e-07,2.14862e-07,2.02861e-07,2.25734e-07,2.18691e-07,2.03811e-07,2.30802e-07,2.23369e-07,2.04293e-07,2.3105e-07,2.15781e-07,2.12871e-07,3.01404e-07,2.11075e-07,2.3195e-07,2.17825e-07,2.23412e-07,3.01829e-07,2.1248e-07,2.34018e-07,2.20251e-07,2.28604e-07,3.11172e-07,2.16724e-07,2.35104e-07,2.24699e-07,2.29076e-07,3.11553e-07,2.174e-07,2.35283e-07,2.30337e-07,2.32215e-07,3.12009e-07,2.17673e-07
-103.238,-110.308,-110.146,-107.631,-119.556,-117.681,-115.478,-120.573,-121.493,-117.626,-130.381,-125.188,-118.543,-135.272,-129.703,-119.007,-118.623,-124.158,-115.411,-121.648,-115.208,-123.492,-130.131,-129.583,-126.058,-120.564,-125.488,-132.472,-134.595,-135.075,-124.66,-126.536,-136.765,-135.05,-135.442,-125.312,-126.709,-142.206,-138.079,-135.883,-125.576
0,3.14159,3.14159,3.14159,0.612864,1.0756,0.747684,6.09841,5.17394,4.72035,5.75374,2.3974,3.43826,5.86845,4.0609,5.1163,6.28319,6.28319,6.28319,6.28319,6.28319,3.87072,1.95542,1.63281,5.67193,4.07851,5.7629,4.33046,0.914448,2.32005,4.67904,0.476607,0.957419,5.35975,0.606042,4.90231,3.57402,0.670119,1.50744,1.47517,2.80723
90,90,90,101.736,143.621,158.95,159.402,151.077,148.041,157.285,153.106,150.002,164.786,145.704,155.341,168.66,90,90,100.831,90,100.924,148.022,44.693,148.664,132.998,157.734,142.598,51.6355,154.18,128.202,156.035,147.062,53.3875,150.25,121.345,156.052,144.103,54.9784,154.286,115.472,160.08
195.052,207.21,153.777,195.052,36.3791,158.95,20.5979,28.9228,148.041,22.7147,26.8944,150.002,15.2143,34.2957,155.341,11.34,143.578,54.3581,207.21,231.898,153.777,148.022,44.693,31.3358,47.0021,157.734,142.598,51.6355,25.8204,51.798,156.035,147.062,53.3875,29.7496,58.655,156.052,144.103,54.9784,25.7144,64.5281,160.08
90,90,90,101.736,22.9218,24.6948,15.4383,13.3855,22.1645,16.9084,28.2575,17.6544,20.5546,33.2701,26.0617,26.8038,90,90,100.831,90,100.924,43.4443,36.6425,32.5235,49.2418,14.5626,34.9751,30.6707,37.4917,47.9188,27.1304,37.6516,31.867,27.0652,48.9644,24.5375,23.5055,37.4736,28.5426,53.4473,25.8726
15.0515,332.767,26.212,15.0515,157.078,24.6948,15.4383,166.615,22.1645,16.9084,151.743,17.6544,20.5546,146.73,26.0617,26.8038,323.567,332.331,332.767,51.9096,26.212,136.556,143.358,147.476,49.2418,14.5626,145.025,149.329,142.508,47.9188,27.1304,142.348,148.133,152.935,48.9644,24.5375,156.494,142.526,151.457,53.4473,25.8726
41
1.76497e-07,1.9441e-07,1.92438e-07,1.80973e-07,1.9559e-07,1.94284e-07,1.81069e-07,1.97125e-07,2.06863e-07,1.83049e-07,1.99702e-07,2.07844e-07,1.86205e-07,2.00547e-07,2.09082e-07,1.93187e-07,2.17866e-07,1.98482e-07,2.01169e-07,2.91418e-07,1.96551e-07,2.21539e-07,2.05502e-07,2.02996e-07,3.01188e-07,1.97233e-07,2.25588e-07,2.07741e-07,2.08738e-07,3.03749e-07,2.00571e-07,2.25688e-07,2.10119e-07,2.12189e-07,3.0729e-07,2.03443e-07,2.2879e-07,2.13596e-07,2.12779e-07,3.29843e-07,2.0654e-07
-102.482,-109.846,-109.681,-107.203,-114.985,-115.462,-111.296,-116.466,-127.602,-113.207,-118.953,-128.549,-116.253,-119.769,-129.744,-122.991,-118.306,-115.297,-124.335,-121.405,-115.096,-125.85,-126.071,-130.098,-134.834,-119.754,-129.759,-128.232,-135.64,-137.305,-122.976,-129.855,-130.528,-138.97,-140.723,-125.748,-132.849,-133.883,-139.539,-162.489,-128.736
0,3.14159,3.14159,3.14159,4.04837,5.68553,1.4909,5.50371,3.73784,3.07184,2.9589,1.86407,0.23712,1.43046,5.03292,2.10711,6.28319,6.28319,6.28319,6.28319,6.28319,4.89493,4.47799,2.45633,2.65675,5.37541,1.24288,0.448905,2.61883,4.40513,0.757825,3.83191,0.941632,6.18305,0.804338,1.82489,1.50754,2.8513,2.1331,4.20455,2.16064
90,90,90,102.769,150.427,150.214,158.875,147.416,150.436,155.524,147.966,153.801,161.411,142.131,149.981,161.855,90,101.626,90,90,101.742,132.624,158.601,57.1922,119.83,149.246,146.388,150.896,56.2819,121.783,150.415,145.599,155.284,54.1529,125.096,147.473,147.226,150.039,46.134,132.123,142.405
196.457,209.458,151.584,196.457,29.5733,150.214,21.1254,32.584,150.436,24.4764,32.0343,153.801,18.5887,37.8685,149.981,18.1445,140.975,209.458,52.1533,234.478,151.584,132.624,21.3989,57.1922,60.1703,149.246,146.388,29.1038,56.2819,58.2167,150.415,145.599,24.7156,54.1529,54.9039,147.473,147.226,29.9612,46.134,47.8766,142.405
90,90,90,102.769,25.3506,27.1592,16.3117,34.6298,26.1812,16.6636,34.1884,22.1509,15.2744,31.9,13.2584,8.13589,90,101.626,90,90,101.742,45.1012,39.2252,32.3968,56.6961,35.7991,42.2915,26.5751,32.2292,62.3709,26.9836,39.3115,26.0961,30.758,56.1055,30.0854,37.8381,26.8002,37.0171,55.0062,40.5266
16.4567,330.519,28.4043,16.4567,154.649,27.1592,16.3117,145.37,26.1812,16.6636,145.812,22.1509,15.2744,148.1,13.2584,8.13589,320.963,330.519,330.126,54.4894,28.4043,134.899,140.775,147.603,56.6961,35.7991,137.709,153.425,147.771,62.3709,26.9836,140.688,153.904,149.242,56.1055,30.0854,142.162,153.2,142.983,55.0062,40.5266
46
1.60583e-07,1.80088e-07,1.77954e-07,1.65489e-07,1.66957e-07,1.82918e-07,1.79643e-07,1.6659e-07,1.67491e-07,1.85828e-07,1.80004e-07,1.70145e-07,1.75537e-07,1.87602e-07,1.80542e-07,1.73119e-07,1.78306e-07,1.90884e-07,1.82896e-07,1.78073e-07,1.81972e-07,2.05189e-07,1.84477e-07,1.86902e-07,2.82063e-07,1.82394e-07,2.05599e-07,1.87839e-07,1.89041e-07,2.82771e-07,1.82937e-07,2.0699e-07,1.88199e-07,1.89566e-07,2.84402e-07,1.84174e-07,2.10056e-07,1.9285e-07,1.9145e-07,2.94021e-07,1.86379e-07,2.10465e-07,1.93333e-07,1.95377e-07,2.94611e-07,1.89031e-07
-101.661,-109.347,-109.177,-106.759,-120.74,-116.078,-114.807,-111.821,-125.256,-118.887,-115.154,-115.252,-133.02,-120.598,-115.674,-118.122,-135.693,-123.766,-117.946,-122.903,-139.231,-117.959,-115.171,-124.539,-121.161,-114.974,-122.354,-122.416,-130.604,-125.845,-119.497,-123.697,-122.764,-131.11,-127.418,-120.691,-126.656,-127.253,-132.928,-136.702,-122.819,-127.051,-127.718,-136.719,-137.272,-125.379
0,3.14159,3.14159,3.14159,3.14159,1.6382,2.04295,1.40769,1.52587,1.12322,1.67429,0.0421936,0.572483,4.39753,5.50012,2.02615,4.0691,4.112,4.2482,2.975,1.48428,6.28319,6.28319,6.28319,6.28319,6.28319,4.83985,1.37399,2.18474,4.83249,4.96348,1.61127,2.29849,1.52547,4.96628,4.2641,1.99852,1.20655,4.29403,4.83085,5.34519,3.42255,5.4107,1.69816,3.69468,5.52301
90,90,90,103.987,90,153.111,155.339,158.858,59.8116,150.723,149.808,154.507,57.5442,156.426,146.566,165.618,67.6542,155.347,158.101,162.172,65.7997,90,102.523,90,90,102.668,138.927,147.367,47.0709,117.847,138.063,139.68,153.635,51.1901,121.882,149.751,141.048,145.985,54.1067,124.925,143.253,142.595,143.422,48.5425,117.621,151.023
198.142,212.069,149.031,198.142,62.9435,26.8886,155.339,21.1423,59.8116,29.277,149.808,25.4926,57.5442,23.5742,146.566,14.3821,67.6542,24.6529,158.101,17.8276,65.7997,138.042,212.069,49.6076,237.235,149.031,138.927,32.6332,47.0709,62.1526,138.063,139.68,26.3651,51.1901,58.1178,149.751,141.048,34.0148,54.1067,55.0749,143.253,142.595,36.5782,48.5425,62.3792,151.023
90,90,90,103.987,90,27.3879,36.8284,7.21148,14.0957,34.9415,29.4948,22.2032,11.4556,32.6804,31.187,17.9788,17.1954,34.3264,39.9802,13.2309,14.1259,90,102.523,90,90,102.668,42.6285,31.5831,31.1906,62.9647,34.5255,40.8214,34.2595,37.5805,55.1765,27.1573,33.3201,23.2001,27.2728,55.446,27.5087,42.3688,31.7576,37.6352,57.4837,31.8591
18.1416,327.909,30.9578,18.1416,19.0608,152.612,36.8284,7.21148,14.0957,145.059,29.4948,22.2032,11.4556,147.32,31.187,17.9788,17.1954,145.674,39.9802,13.2309,14.1259,318.031,327.909,327.58,57.2464,30.9578,137.372,148.417,148.809,62.9647,34.5255,139.179,145.741,142.419,55.1765,27.1573,146.68,156.8,152.727,55.446,27.5087,137.631,148.242,142.365,57.4837,31.8591
46
1.44837e-07,1.66204e-07,1.63886e-07,1.50259e-07,1.51302e-07,1.80726e-07,1.66685e-07,1.5249e-07,1.51513e-07,1.8156e-07,1.67443e-07,1.5917e-07,1.53836e-07,1.84405e-07,1.67607e-07,1.59914e-07,1.54993e-07,1.88626e-07,1.68283e-07,1.63043e-07,1.60949e-07,1.93119e-07,1.7095e-07,1.73063e-07,2.73406e-07,1.68697e-07,1.93748e-07,1.71304e-07,1.74206e-07,2.7721e-07,1.691e-07,1.96253e-07,1.72454e-07,1.74478e-07,2.8023e-07,1.73446e-07,1.96593e-07,1.72632e-07,1.75809e-07,2.87364e-07,1.74918e-07,1.97216e-07,1.74597e-07,1.78793e-07,2.92529e-07,1.75663e-07
-100.765,-108.806,-108.628,-106.297,-119.907,-126.821,-115.33,-112.449,-124.111,-127.626,-116.061,-118.897,-126.354,-130.371,-116.219,-119.615,-127.47,-134.445,-116.872,-122.635,-133.218,-117.583,-115.027,-124.755,-120.922,-114.834,-122.19,-119.369,-129.858,-128.594,-119.223,-124.607,-120.479,-130.12,-131.509,-123.417,-124.936,-120.651,-131.405,-138.394,-124.838,-125.538,-122.547,-134.284,-143.379,-125.557
0,3.14159,3.14159,3.14159,3.14159,5.03502,5.30838,5.35955,4.93581,4.64101,2.2771,2.62027,5.9008,4.15284,0.92058,1.0459,0.158513,5.83276,4.36784,4.636,0.340797,6.28319,6.28319,6.28319,6.28319,6.28319,6.21041,3.75239,0.564806,2.1211,3.66426,5.14093,1.52359,5.18871,3.04879,0.541828,2.1102,1.93124,4.19664,0.556234,2.31003,5.7311,0.389842,1.80941,0.693371,3.46693
90,90,90,105.439,90,142.498,139.458,159.34,66.1248,144.892,146.355,161.956,54.44,148.766,145.844,149.683,56.4064,140.479,137.405,159.115,61.272,90,103.532,90,90,103.716,136.286,142.804,39.9582,118.96,149.619,139.969,149.36,53.9481,116.543,138.003,127.07,146.363,44.299,115.818,143.532,127.929,146.504,47.1238,105.881,143.084
200.195,215.122,146.032,200.195,60.8819,37.5017,139.458,20.6604,66.1248,35.1081,146.355,18.0439,54.44,31.2339,145.844,30.3166,56.4064,39.5208,137.405,20.8851,61.272,134.734,215.122,46.6481,240.174,146.032,136.286,37.1959,39.9582,61.0398,149.619,139.969,30.6402,53.9481,63.4569,138.003,127.07,33.6368,44.299,64.1821,143.532,127.929,33.4956,47.1238,74.119,143.084
90,90,90,105.439,90,35.0323,40.0799,12.7815,33.6662,34.3963,27.1489,21.0266,17.3334,42.0584,23.3166,17.645,20.3179,30.5256,25.9856,24.0799,20.0565,90,103.532,90,90,103.716,42.7592,33.399,31.1137,54.2185,35.5364,46.0904,29.9562,34.7766,52.4325,44.649,52.3568,40.5801,42.3052,56.4406,36.0166,43.0809,38.0042,29.9679,56.3197,24.6914
20.1949,324.855,33.9565,20.1949,21.1223,144.968,40.0799,12.7815,33.6662,145.604,27.1489,21.0266,17.3334,137.942,23.3166,17.645,20.3179,149.474,25.9856,24.0799,20.0565,314.722,324.855,324.621,60.185,33.9565,137.241,146.601,148.886,54.2185,35.5364,133.91,150.044,145.223,52.4325,44.649,127.643,139.42,137.695,56.4406,36.0166,136.919,141.996,150.032,56.3197,24.6914
41
1.29323e-07,1.52877e-07,1.5035e-07,1.35368e-07,1.35888e-07,1.53716e-07,1.5102e-07,1.35804e-07,1.36849e-07,1.54839e-07,1.52048e-07,1.37037e-07,1.38509e-07,1.55223e-07,1.52246e-07,1.39654e-07,1.45118e-07,1.59051e-07,1.52558e-07,1.42286e-07,1.48054e-07,1.81777e-07,1.58024e-07,2.65513e-07,1.5558e-07,1.84413e-07,1.586e-07,2.7062e-07,1.58798e-07,1.85519e-07,1.68494e-07,2.70834e-07,1.59293e-07,1.86406e-07,1.68908e-07,2.72432e-07,1.65236e-07,1.90098e-07,1.69551e-07,2.74705e-07,1.73574e-07
-99.7808,-108.222,-108.033,-105.816,-118.993,-113.031,-112.68,-110.237,-123.921,-114.115,-113.672,-111.427,-125.523,-114.486,-113.863,-113.952,-131.901,-118.18,-114.164,-116.493,-134.734,-117.183,-114.857,-120.692,-114.67,-123.727,-119.413,-129.62,-121.775,-124.794,-128.963,-129.827,-122.252,-125.651,-129.361,-131.37,-127.988,-129.213,-129.982,-133.563,-136.035
0,3.14159,3.14159,3.14159,3.14159,0.632128,2.48818,1.23307,6.17534,0.658768,3.83185,4.41848,4.76336,2.71738,0.817766,4.44042,5.23027,5.86699,3.96951,1.07086,2.25947,6.28319,6.28319,6.28319,6.28319,0.153523,0.965037,1.43677,2.43313,2.87698,4.70371,2.63296,2.32706,0.665518,2.60811,5.35493,1.66707,1.09962,5.78742,5.44595,1.13485
90,90,90,107.187,90,138.893,133.338,162.06,57.9273,144.836,127.117,159.567,60.3946,138.016,138.835,164.59,55.3805,138.082,143.552,162.126,53.1645,90,104.663,90,104.898,137.331,140.206,115.862,139.243,129.067,140.655,112.286,133.64,135.086,141.081,112.723,150.035,130.541,142.896,114.876,139.137
202.745,218.72,142.482,202.745,58.3487,41.1066,133.338,17.94,57.9273,35.1639,127.117,20.4327,60.3946,41.984,138.835,15.4101,55.3805,41.9181,143.552,17.8736,53.1645,130.998,218.72,243.296,142.482,137.331,39.7939,64.1381,139.243,129.067,39.3454,67.7137,133.64,135.086,38.9192,67.2774,150.035,130.541,37.104,65.1237,139.137
90,90,90,107.187,90,43.4349,37.1927,16.5979,27.8618,47.9741,36.073,20.2271,20.5312,36.0402,40.4957,12.9211,21.1337,36.0391,37.975,25.483,22.8062,90,104.663,90,104.898,50.036,38.6156,59.8138,40.2611,41.3968,43.5038,67.7908,32.2409,45.1869,38.1972,69.2404,36.0926,52.4812,30.02,62.7449,34.1474
22.7448,321.257,37.5064,22.7448,23.6555,136.565,37.1927,16.5979,27.8618,132.026,36.073,20.2271,20.5312,143.96,40.4957,12.9211,21.1337,143.961,37.975,25.483,22.8062,310.987,321.257,63.3071,37.5064,129.964,141.384,59.8138,40.2611,138.603,136.496,67.7908,32.2409,134.813,141.803,69.2404,36.0926,127.519,149.98,62.7449,34.1474
41
1.14135e-07,1.40266e-07,1.37504e-07,1.20941e-07,1.20807e-07,1.40415e-07,1.4273e-07,1.25638e-07,1.24984e-07,1.40486e-07,1.47669e-07,1.28059e-07,1.26517e-07,1.43584e-07,1.48462e-07,1.30885e-07,1.28611e-07,1.44417e-07,1.49873e-07,1.37905e-07,1.37402e-07,1.71308e-07,1.45858e-07,2.58456e-07,1.43204e-07,1.78606e-07,1.48965e-07,2.5856e-07,1.45373e-07,1.79242e-07,1.54742e-07,2.61721e-07,1.5702e-07,1.79588e-07,1.67224e-07,2.6261e-07,1.60143e-07,1.86841e-07,1.68947e-07,2.68456e-07,1.6181e-07
-98.6956,-107.597,-107.392,-105.316,-117.985,-111.74,-116.435,-113.849,-126.017,-111.808,-121.203,-116.185,-127.496,-114.798,-121.967,-118.912,-129.517,-115.603,-123.33,-125.688,-138.001,-116.767,-114.653,-120.475,-114.471,-127.81,-121.652,-124.576,-120.564,-128.424,-127.227,-127.626,-131.804,-128.757,-139.273,-128.484,-134.819,-135.757,-140.936,-134.126,-136.427
0,3.14159,3.14159,3.14159,3.14159,3.94173,4.29668,4.27369,0.26804,2.40838,0.866256,3.46701,4.22878,2.83773,5.90406,2.1768,4.81871,0.547122,6.20969,1.94097,1.2142,6.28319,6.28319,6.28319,6.28319,1.95998,4.06194,4.46815,0.265765,3.95165,3.46996,2.83586,2.26837,3.05144,4.75329,0.86559,1.45291,4.48352,5.99525,3.16535,0.956515
90,90,90,109.314,90,134.25,145.3,155.927,63.1606,134.686,138.986,154.954,56.9406,135.794,134.009,153.763,57.9409,132.831,136.847,154.9,47.5145,90,105.917,90,106.22,119.511,139.946,115.648,152.995,126.04,139.144,111.955,132.868,124.103,136.453,111.742,145.613,121.563,137.107,118.247,130.765
205.981,222.985,138.25,205.981,55.1755,45.75,145.3,24.0725,63.1606,45.3144,138.986,25.0457,56.9406,44.2063,134.009,26.2374,57.9409,47.1693,136.847,25.1001,47.5145,126.787,222.985,246.598,138.25,119.511,40.0545,64.3521,152.995,126.04,40.8558,68.0453,132.868,124.103,43.5473,68.2578,145.613,121.563,42.8935,61.7527,130.765
90,90,90,109.314,90,41.2001,51.457,24.4857,31.0998,37.8116,55.5013,30.9198,20.3045,47.1604,36.1001,29.9152,18.6598,49.6247,47.8026,21.4933,19.4595,90,105.917,90,106.22,52.1983,47.1488,62.434,41.5041,53.1381,39.0421,62.2571,43.3762,44.1569,40.7247,64.1987,33.5721,46.162,36.1964,63.5169,39.7176
25.9813,316.992,41.7385,25.9813,26.8288,138.8,51.457,24.4857,31.0998,142.188,55.5013,30.9198,20.3045,132.84,36.1001,29.9152,18.6598,130.375,47.8026,21.4933,19.4595,306.775,316.992,66.6099,41.7385,127.802,132.851,62.434,41.5041,126.862,140.958,62.2571,43.3762,135.843,139.275,64.1987,33.5721,133.838,143.804,63.5169,39.7176
41
9.9421e-08,1.28582e-07,1.25559e-07,1.07166e-07,1.06201e-07,1.29962e-07,1.26645e-07,1.19935e-07,1.06442e-07,1.30119e-07,1.28697e-07,1.29217e-07,1.11002e-07,1.37347e-07,1.29883e-07,1.31593e-07,1.11916e-07,1.41474e-07,1.33445e-07,1.34494e-07,1.12436e-07,1.61882e-07,1.3466e-07,2.52303e-07,1.31776e-07,1.68789e-07,1.36522e-07,2.54808e-07,1.34679e-07,1.69828e-07,1.38042e-07,2.57536e-07,1.3663e-07,1.7205e-07,1.41498e-07,2.64591e-07,1.38005e-07,1.74017e-07,1.417e-07,2.70098e-07,1.39798e-07
-97.4968,-106.94,-106.713,-104.793,-116.874,-112.271,-111.761,-121.116,-121.107,-112.422,-113.741,-130.075,-125.508,-119.399,-114.886,-132.368,-126.39,-123.381,-118.324,-135.168,-126.891,-116.347,-114.412,-120.277,-114.231,-127.013,-120.209,-126.694,-121.033,-128.015,-121.675,-129.327,-122.916,-130.16,-125.012,-136.136,-124.242,-132.058,-125.206,-141.451,-125.973
0,3.14159,3.14159,3.14159,3.14159,2.50712,2.72226,5.55444,3.04451,4.31167,4.06402,4.06083,2.85723,4.52494,4.90274,2.3407,3.7628,5.02889,5.90249,4.10826,4.79147,6.28319,6.28319,6.28319,6.28319,2.55926,2.15333,6.12122,1.26968,2.45061,3.23815,0.446339,4.52493,2.04858,0.844073,3.85458,4.36558,4.23975,0.0733938,5.64146,2.42776
90,90,90,111.916,90,136.656,134.293,152.711,49.7446,135.036,133.621,148.737,49.5075,139.238,127.804,151.63,54.6962,120.503,125.956,141.894,59.1738,90,107.28,90,107.671,117.028,133.163,113.221,133.204,124.696,131.356,109.634,132.141,124.589,125.534,118.704,133.486,125.123,143.679,104.54,141.042
210.193,228.057,133.18,210.193,51.1139,43.3441,134.293,27.2888,49.7446,44.964,133.621,31.2634,49.5075,40.7622,127.804,28.3697,54.6962,59.4966,125.956,38.1059,59.1738,122.056,228.057,250.074,133.18,117.028,46.8371,66.7795,133.204,124.696,48.6438,70.366,132.141,124.589,54.4656,61.2955,133.486,125.123,36.3212,75.4601,141.042
90,90,90,111.916,90,53.0225,48.7319,37.1701,38.3382,42.8007,53.9231,31.1649,40.4669,57.2311,45.5445,31.2992,41.5188,58.8628,47.8186,31.7107,28.5242,90,107.28,90,107.671,55.3545,52.4792,73.134,52.4587,52.51,49.1586,69.1098,48.8699,55.3451,49.5137,73.8336,39.8177,55.1132,49.266,58.7866,44.7066
30.1928,311.92,46.8083,30.1928,30.8904,126.977,48.7319,37.1701,38.3382,137.199,53.9231,31.1649,40.4669,122.769,45.5445,31.2992,41.5188,121.137,47.8186,31.7107,28.5242,302.045,311.92,70.0858,46.8083,124.646,127.521,73.134,52.4587,127.49,130.841,69.1098,48.8699,124.655,130.486,73.8336,39.8177,124.887,130.734,58.7866,44.7066
41
8.54276e-08,1.181e-07,1.14796e-07,9.43285e-08,9.22956e-08,1.2292e-07,1.14982e-07,9.46079e-08,9.3963e-08,1.26864e-07,1.21415e-07,9.64819e-08,9.57729e-08,1.27702e-07,1.24058e-07,9.90858e-08,9.97263e-08,1.29939e-07,1.26328e-07,1.0077e-07,1.00531e-07,1.5369e-07,1.2469e-07,2.47124e-07,1.21565e-07,1.56636e-07,1.26185e-07,2.4816e-07,1.2199e-07,1.5903e-07,1.3396e-07,2.53669e-07,1.25588e-07,1.6901e-07,1.41531e-07,2.54896e-07,1.26645e-07,1.72958e-07,1.42202e-07,2.57143e-07,1.26834e-07
-96.1792,-106.272,-106.015,-104.247,-115.657,-114.924,-110.194,-108.517,-121.267,-118.73,-116.402,-110.326,-123.013,-119.539,-118.954,-112.838,-126.829,-121.698,-121.144,-114.464,-127.605,-115.943,-114.137,-120.103,-113.953,-122.786,-119.58,-125.104,-118.363,-125.096,-127.083,-130.42,-121.836,-134.728,-134.39,-131.604,-122.856,-138.539,-135.037,-133.773,-123.038
0,3.14159,3.14159,3.14159,3.14159,4.92748,3.26807,3.71012,0.545475,0.316295,0.899476,3.34657,3.1106,4.20372,6.2013,5.44681,0.0213259,3.76731,4.79336,5.23618,0.871157,6.28319,6.28319,6.28319,6.28319,2.36255,3.82417,5.87893,1.24514,0.164036,2.77967,0.00752975,3.34443,4.27281,2.1145,1.80596,6.10411,1.43274,3.47292,4.05601,4.08433
90,90,90,115.091,90,122.142,114.98,140.202,42.8226,129.989,120.137,134.79,40.3689,120.784,117.381,141.908,40.9783,129.696,122.409,149.24,39.1748,90,108.711,90,109.211,126.783,122.288,108.134,127.198,112.188,121.075,102.354,125.958,115.615,132.956,103.614,132.967,117.198,127.309,100.594,126.937
215.824,234.085,127.104,215.824,45.7944,57.8584,114.98,39.7975,42.8226,50.011,120.137,45.21,40.3689,59.2159,117.381,38.0915,40.9783,50.3038,122.409,30.7599,39.1748,116.782,234.085,253.71,127.104,126.783,57.7117,71.8663,127.198,112.188,58.9249,77.6462,125.958,115.615,47.0439,76.3864,132.967,117.198,52.6914,79.4057,126.937
90,90,90,115.091,90,51.8157,58.6135,31.9551,29.5972,52.8952,48.4152,35.2722,34.7016,43.7162,55.6135,31.8384,28.2793,58.0772,52.9693,33.4035,32.5063,90,108.711,90,109.211,65.6902,56.0399,72.309,42.7143,63.4115,57.2799,70.7984,48.3946,57.2669,47.6593,74.2638,51.026,65.869,53.4242,74.6266,55.4994
35.8236,305.892,52.8845,35.8236,36.2099,128.184,58.6135,31.9551,29.5972,127.105,48.4152,35.2722,34.7016,136.284,55.6135,31.8384,28.2793,121.923,52.9693,33.4035,32.5063,296.771,305.892,73.7214,52.8845,114.31,123.96,72.309,42.7143,116.589,122.72,70.7984,48.3946,122.733,132.341,74.2638,51.026,114.131,126.576,74.6266,55.4994
31
7.25724e-08,1.09167e-07,1.05579e-07,8.28659e-08,1.13354e-07,1.10609e-07,8.70325e-08,1.14436e-07,1.13926e-07,8.73367e-08,1.2315e-07,1.1498e-07,8.97679e-08,1.23604e-07,1.15591e-07,9.42687e-08,1.16265e-07,2.42979e-07,1.12902e-07,1.20263e-07,2.45709e-07,1.17489e-07,1.21214e-07,2.45817e-07,1.22718e-07,1.24048e-07,2.47278e-07,1.22963e-07,1.297e-07,2.59157e-07,1.23092e-07
-94.7627,-105.633,-105.338,-103.68,-113.674,-114.193,-111.702,-114.718,-117.393,-111.995,-123.128,-118.411,-114.342,-123.566,-119.001,-118.685,-113.847,-119.96,-113.654,-121.705,-126.594,-122.081,-122.623,-126.699,-127.127,-125.358,-128.109,-127.364,-130.813,-139.573,-127.488
0,3.14159,3.14159,3.14159,6.15605,3.11828,6.21055,2.14661,3.17929,3.49694,2.35445,3.77156,2.8413,3.6019,4.39593,6.11135,6.28319,6.28319,6.28319,4.01669,3.46942,6.23518,0.383456,4.96148,2.24001,2.47188,4.08481,4.70711,4.21893,1.65772,3.1287
90,90,90,118.862,120.373,115.628,139.162,117.173,115.187,138.333,119.834,122.347,132.478,120.12,108.991,142.736,110.123,90,110.75,121.023,110.692,131.451,125.874,110.274,119.183,122.081,101.838,121.105,116.668,110.08,123
223.548,241.19,119.872,223.548,59.6267,115.628,40.8384,62.8274,115.187,41.6672,60.1658,122.347,47.5219,59.8798,108.991,37.2644,241.19,257.485,119.872,58.9771,69.3081,131.451,54.1264,69.7262,119.183,57.9194,78.1624,121.105,63.3318,69.9203,123
90,90,90,118.862,72.477,61.575,48.3598,65.6571,65.5888,33.7787,69.0773,68.07,47.5593,58.4664,61.9427,41.4136,110.123,90,110.75,53.5436,77.2947,62.8209,59.764,76.7698,60.0882,63.9685,81.5961,54.133,64.376,76.3478,61.1835
43.5484,298.787,60.1161,43.5484,107.523,61.575,48.3598,114.343,65.5888,33.7787,110.923,68.07,47.5593,121.534,61.9427,41.4136,298.787,77.4967,60.1161,126.456,77.2947,62.8209,120.236,76.7698,60.0882,116.031,81.5961,54.133,115.624,76.3478,61.1835
26
6.15728e-08,1.02191e-07,7.34248e-08,1.04544e-07,7.74449e-08,1.05395e-07,7.89307e-08,1.1598e-07,8.02074e-08,1.1878e-07,8.18956e-08,1.0974e-07,2.39923e-07,1.06166e-07,1.11758e-07,2.40362e-07,1.08947e-07,1.1925e-07,2.40527e-07,1.12102e-07,1.21756e-07,2.51215e-07,1.15119e-07,1.21786e-07,2.52593e-07,1.15872e-07
-93.335,-105.08,-103.12,-111.351,-111,-112.172,-112.433,-122.389,-113.666,-125.091,-115.295,-113.576,-119.851,-113.37,-119.524,-124.275,-120.054,-126.755,-124.434,-123.099,-129.173,-134.749,-126.01,-129.202,-136.079,-126.737
0,3.14159,3.14159,3.01269,1.61374,6.25479,1.22567,1.91228,6.08794,3.40968,4.93137,6.28319,6.28319,6.28319,3.74884,0.309216,3.97935,3.4106,5.38603,0.148487,2.91219,4.78848,2.31851,2.85864,4.49647,5.38404
90,90,123.009,105.916,129.151,112.785,124.291,110.246,119.89,110.146,119.233,111.377,90,112.134,104.113,100.926,110.667,106.555,105.384,110.335,116.864,98.8003,106.468,99.3622,99.4927,110.221
234.296,249.407,234.296,74.0837,50.8493,67.2154,55.7091,69.7536,60.1102,69.8537,60.7666,249.407,261.374,111.423,75.8872,79.0745,110.667,73.445,74.6162,110.335,63.1359,81.1997,106.468,80.6378,80.5073,110.221
90,90,123.009,71.1816,46.4713,68.4543,49.3516,77.7586,53.1267,68.3331,52.9812,111.377,90,112.134,69.7585,80.566,66.7449,65.8548,79.1244,60.9757,76.7376,75.2653,73.6121,79.7686,85.705,60.9845
54.2965,290.57,54.2965,108.818,46.4713,111.546,49.3516,102.241,53.1267,111.667,52.9812,290.57,81.3854,68.5658,110.242,80.566,66.7449,114.145,79.1244,60.9757,103.262,75.2653,73.6121,100.231,85.705,60.9845
26
5.35836e-08,9.75906e-08,6.68671e-08,9.77337e-08,6.74161e-08,1.05482e-07,7.02339e-08,1.07231e-07,7.03534e-08,1.07456e-07,7.16173e-08,1.0547e-07,2.37998e-07,1.0174e-07,1.06142e-07,2.50692e-07,1.03113e-07,1.0995e-07,2.56969e-07,1.03196e-07,1.11219e-07,2.58241e-07,1.10383e-07,1.12077e-07,2.64002e-07,1.18848e-07
-92.1279,-104.686,-102.651,-108.824,-107.181,-116.302,-109.9,-117.991,-110.015,-118.207,-111.235,-113.374,-119.782,-113.154,-118.023,-136.032,-118.479,-121.698,-142.091,-118.558,-122.923,-143.318,-125.495,-123.751,-148.878,-133.664
0,3.14159,3.14159,4.30574,5.62611,2.17562,2.56185,5.05867,1.59895,5.22214,1.04861,6.28319,6.28319,6.28319,4.65185,3.78235,5.16725,3.28629,1.3778,4.68014,4.27612,2.12455,1.80381,4.74519,3.43314,1.05282
90,90,126.741,98.045,111.706,98.4971,110.014,109.171,106.719,98.1767,111.883,112.288,90,113.151,111.889,99.2294,103.88,96.438,89.1597,99.9939,94.1281,102.412,98.7592,102.017,94.0376,91.4478
248.927,258.608,248.927,81.955,68.2942,81.5029,69.9858,70.8287,73.2809,81.8233,68.1169,258.608,265.344,101.877,68.1108,80.7706,103.88,83.562,90.8403,99.9939,85.8719,77.5882,98.7592,77.9831,85.9624,91.4478
90,90,126.741,83.0418,84.7193,84.5418,66.2878,77.7558,59.7054,74.0598,67.8128,112.288,90,113.151,75.3097,80.4389,82.6121,82.0753,82.8303,79.6029,78.1554,89.8653,72.3007,78.1032,92.1012,74.2198
68.9267,281.369,68.9267,96.9582,84.7193,95.4582,66.2878,102.244,59.7054,105.94,67.8128,281.369,85.3556,78.1119,104.69,80.4389,82.6121,97.9247,82.8303,79.6029,101.845,89.8653,72.3007,101.897,92.1012,74.2198
31
5.00676e-08,9.57102e-08,6.4084e-08,9.79604e-08,6.97984e-08,1.06834e-07,7.34325e-08,1.09874e-07,7.37906e-08,1.12622e-07,7.76833e-08,1.03733e-07,2.37231e-07,9.99325e-08,5.81724e-08,1.06477e-07,2.51363e-07,1.1728e-07,5.83932e-08,1.06767e-07,2.62933e-07,1.27826e-07,6.13757e-08,1.08632e-07,2.65577e-07,1.30332e-07,6.34006e-08,1.14625e-07,2.66292e-07,1.31625e-07,6.63554e-08
-91.5383,-104.518,-102.424,-110.69,-111.939,-119.253,-115.446,-122.187,-115.792,-124.84,-119.549,-113.286,-119.754,-113.058,-127.25,-119.935,-137.393,-133.8,-131.463,-120.214,-148.558,-143.978,-134.341,-122.014,-151.111,-146.397,-136.295,-127.798,-151.8,-147.645,-139.147
0,3.14159,3.14159,1.44264,5.19751,0.0366581,5.02983,5.19274,3.59549,3.67267,6.00889,6.28319,6.28319,6.28319,6.28319,6.05365,6.11797,3.56347,4.74955,5.55678,6.19042,6.04439,0.318221,2.80014,5.57719,5.59226,3.78974,5.01703,5.66334,4.09662,0.678873
90,90,128.622,96.25,96.9293,88.8114,95.7657,89.7048,82.8581,88.5568,86.9728,112.681,90,113.595,90,85.8805,95.5314,94.2481,84.2228,91.5584,87.8453,98.6496,89.8069,90.127,80.9998,83.888,82.0035,95.7983,91.0677,84.8779,84.6722
267.023,268.438,267.023,83.75,83.0707,91.1886,84.2343,90.2952,97.1419,91.4432,93.0272,268.438,269.36,91.6181,85.2639,94.1195,84.4686,94.2481,84.2228,88.4416,92.1547,98.6496,89.8069,89.873,99.0002,83.888,82.0035,84.2017,88.9323,84.8779,84.6722
90,90,128.622,89.7615,101.896,89.8473,85.9475,84.9841,84.2788,93.9367,85.2298,112.681,90,113.595,90,86.1024,91.9734,84.1078,94.3126,100.17,87.6791,88.7846,91.5517,86.5392,88.8205,88.8853,81.0128,88.8404,87.0014,86.5514,85.5518
87.0233,271.539,87.0233,90.2385,101.896,90.1527,85.9475,95.0159,84.2788,86.0633,85.2298,271.539,89.371,88.3705,85.2639,93.8976,91.9734,84.1078,94.3126,79.8297,87.6791,88.7846,91.5517,93.4608,88.8205,88.8853,81.0128,91.1596,87.0014,86.5514,85.5518
36
5.1941e-08,9.67085e-08,6.55582e-08,5.96814e-08,9.86954e-08,6.87358e-08,5.99694e-08,9.88684e-08,6.87825e-08,6.94339e-08,1.00177e-07,7.20527e-08,7.73552e-08,1.00773e-07,7.58763e-08,7.83741e-08,1.04654e-07,2.37633e-07,1.00883e-07,7.07742e-08,1.07391e-07,2.41065e-07,1.06933e-07,7.31168e-08,1.09412e-07,2.42339e-07,1.07e-07,8.38664e-08,1.10386e-07,2.42808e-07,1.07235e-07,8.83974e-08,1.13223e-07,2.46673e-07,1.08136e-07,9.26025e-08
-91.8574,-104.608,-102.547,-111.862,-110.525,-109.613,-116.14,-110.692,-109.658,-125.274,-111.955,-112.814,-132.919,-112.53,-116.505,-133.902,-113.333,-119.768,-113.109,-118.719,-119.974,-127.08,-122.948,-124.98,-121.925,-128.31,-123.013,-135.355,-122.865,-128.763,-123.239,-139.727,-125.603,-132.493,-124.109,-143.786
0,3.14159,3.14159,3.14159,5.48042,5.51396,2.16963,2.83921,3.65112,4.86964,2.68414,3.32332,4.93139,5.20911,2.79314,3.58571,6.28319,6.28319,6.28319,6.28319,2.80366,0.228868,0.339152,0.124185,4.69478,5.75393,3.88207,1.82329,0.915662,3.66393,1.49457,5.64466,3.09534,2.1362,4.0874,5.9989
90,90,127.6,90,82.6903,73.8739,70.8832,85.9648,79.6575,76.7291,89.2451,73.5163,85.4784,79.4919,79.2045,73.5715,112.471,90,113.359,124.415,85.7494,77.6035,78.5677,71.3147,86.0771,74.467,85.498,80.9642,80.637,90.6158,76.1593,77.3311,87.2186,93.0559,77.0729,74.86
285.713,278.358,285.713,76.3674,97.3097,106.126,70.8832,94.0352,100.342,76.7291,90.7549,106.484,85.4784,100.508,100.796,73.5715,278.358,273.381,81.255,76.059,94.2506,102.396,78.5677,71.3147,93.9229,105.533,85.498,80.9642,99.363,89.3842,76.1593,77.3311,92.7814,86.9441,77.0729,74.86
90,90,127.6,90,93.4194,111.68,107.604,91.465,109.395,101.554,98.2668,99.8488,95.4928,90.2248,110.101,109.438,112.471,90,113.359,124.415,96.6491,92.5031,104.004,99.8354,91.42,90.591,95.2212,103.201,101.447,93.3854,103.508,101.154,94.4044,85.5598,101.12,99.4066
105.713,261.619,105.713,103.633,86.5806,111.68,107.604,88.535,109.395,101.554,81.7332,99.8488,95.4928,89.7752,110.101,109.438,261.619,93.3926,98.7335,103.941,83.3509,92.5031,104.004,99.8354,88.58,90.591,95.2212,103.201,78.5531,93.3854,103.508,101.154,85.5956,85.5598,101.12,99.4066
26
5.86902e-08,1.005e-07,7.10249e-08,1.01505e-07,7.14051e-08,1.04764e-07,7.1716e-08,1.07726e-07,7.27879e-08,1.08775e-07,7.32408e-08,1.08167e-07,1.08144e-07,2.39199e-07,1.09842e-07,1.11421e-07,2.40841e-07,1.24445e-07,1.16031e-07,2.41756e-07,1.2966e-07,1.21937e-07,2.42036e-07,1.3206e-07,1.22083e-07,2.45711e-07
-92.9185,-104.938,-102.957,-109.908,-107.324,-113.054,-107.624,-115.913,-108.659,-116.925,-109.096,-113.505,-124.363,-119.825,-119.121,-131.525,-125.41,-133.214,-135.974,-126.294,-138.247,-141.674,-126.564,-140.563,-141.815,-130.11
0,3.14159,3.14159,1.27737,4.35955,1.46633,3.73113,3.13046,5.68454,1.23954,3.17133,6.28319,6.28319,6.28319,3.26683,3.81039,5.62031,1.83991,2.08595,5.47468,4.64629,5.52847,1.34782,5.15847,6.15537,2.63591
90,90,124.276,76.418,62.1633,69.8637,60.8814,82.1548,62.5256,69.5575,55.1837,111.703,90,90,75.2271,68.7989,83.5814,72.2367,81.1172,86.0808,76.2065,70.5473,83.2847,68.5532,76.8976,81.8162
301.578,287.801,301.578,103.582,117.837,110.136,119.119,97.8452,117.474,110.442,124.816,287.801,73.4947,277.37,104.773,68.7989,96.4186,107.763,81.1172,93.9192,103.793,70.5473,96.7153,111.447,76.8976,98.1838
90,90,124.276,109.059,119.714,106.194,119.207,98.1715,126.998,107.75,128.193,111.703,90,90,106.031,106.363,93.3137,110.137,115.182,100.953,107.558,110.558,100.061,114.452,107.245,98.023
121.578,252.176,121.578,70.9413,119.714,73.8064,119.207,81.8285,126.998,72.2496,128.193,252.176,253.472,97.381,73.9691,73.6369,93.3137,69.8632,64.8184,100.953,72.442,69.4419,100.061,65.5477,72.7555,98.023
26
6.88967e-08,1.06787e-07,7.96666e-08,1.08217e-07,8.26821e-08,1.10037e-07,8.28708e-08,1.11546e-07,9.09017e-08,1.11781e-07,9.47504e-08,1.14032e-07,2.41905e-07,1.10572e-07,1.17616e-07,2.42385e-07,1.10797e-07,1.24675e-07,2.44315e-07,1.19767e-07,1.24685e-07,2.47172e-07,1.2189e-07,1.27199e-07,2.53534e-07,1.24906e-07
-94.3112,-105.45,-103.502,-110.83,-110.413,-112.587,-110.595,-114.043,-118.345,-114.271,-122.06,-113.759,-119.922,-113.561,-121.218,-124.385,-117.778,-128.03,-126.248,-126.435,-128.04,-129.005,-128.484,-130.467,-135.145,-131.395
0,3.14159,3.14159,1.59598,2.64566,3.67064,1.59005,4.65775,4.63116,1.25559,5.37697,6.28319,6.28319,6.28319,3.56687,3.94524,5.48405,0.00853149,2.80863,5.63231,2.14297,2.93997,4.55526,2.13929,0.537541,0.0639468
90,90,120.139,63.8439,45.4318,57.711,44.4345,67.3481,44.1565,57.0448,42.3885,110.535,90,111.208,63.2313,78.661,71.5395,59.0326,78.9327,56.4806,72.5474,76.1654,54.8561,62.2232,79.1616,64.1136
313.471,296.346,313.471,116.156,134.568,122.289,135.565,112.652,135.843,122.955,137.611,296.346,281.287,62.6154,116.769,101.339,71.5395,120.967,101.067,56.4806,107.453,103.835,54.8561,117.777,100.838,64.1136
90,90,120.139,111.961,119.164,119.662,136.827,115.602,129.008,124.202,132.291,110.535,90,111.208,113.87,99.2438,122.075,109.479,99.0918,121.831,126.359,99.0121,112.814,120.435,100.84,116.641
133.471,243.631,133.471,68.0394,119.164,60.338,136.827,64.398,129.008,55.798,132.291,243.631,101.299,117.373,66.1298,99.2438,122.075,70.5208,99.0918,121.831,53.6415,99.0121,112.814,59.5645,100.84,116.641
26
8.12683e-08,1.15161e-07,9.05789e-08,1.18189e-07,9.0682e-08,1.18218e-07,9.19331e-08,1.21121e-07,9.30071e-08,1.25618e-07,9.41529e-08,1.2191e-07,2.45715e-07,1.18675e-07,1.28243e-07,2.46767e-07,1.32605e-07,1.28875e-07,2.47501e-07,1.33379e-07,1.30229e-07,2.50592e-07,1.35994e-07,1.31284e-07,2.60926e-07,1.38389e-07
-95.7456,-106.07,-104.072,-112.992,-108.172,-113.02,-109.379,-115.822,-110.416,-120.162,-111.521,-114.048,-120.055,-113.861,-124.16,-125.07,-131.305,-124.77,-125.779,-132.052,-126.077,-128.762,-134.576,-127.095,-138.736,-136.886
0,3.14159,3.14159,1.55158,5.92611,2.2152,0.311425,0.87813,3.56785,6.10782,0.617871,6.28319,6.28319,6.28319,0.755236,4.38346,2.38855,6.01371,1.21393,6.13141,4.54331,4.26766,6.22791,3.08596,1.68837,5.18048
90,90,116.206,51.2525,31.3875,52.2588,35.5384,53.4569,36.2537,58.1379,44.5073,109.154,90,109.698,65.2711,77.7819,57.275,54.9322,72.6463,52.2333,53.8599,78.8484,60.1101,55.6368,69.0217,63.4657
322.03,303.796,322.03,128.748,148.612,127.741,144.462,126.543,143.746,121.862,135.493,303.796,285.101,55.0033,114.729,102.218,57.275,125.068,107.354,52.2333,126.14,101.152,60.1101,124.363,110.978,63.4657
90,90,116.206,131.429,134.686,117.595,148.37,122.862,154.705,118.381,141.044,109.154,90,109.698,119.587,96.0266,127.276,128.987,104.605,124.686,132.404,115.002,124.578,131.128,114.869,126.828
142.03,236.181,142.03,48.5709,134.686,62.4053,148.37,57.1381,154.705,61.6193,141.044,236.181,105.113,124.985,60.4133,96.0266,127.276,51.0131,104.605,124.686,47.596,115.002,124.578,48.8721,114.869,126.828
26
9.49625e-08,1.25205e-07,1.03043e-07,1.35558e-07,1.05579e-07,1.36107e-07,1.05838e-07,1.36482e-07,1.0627e-07,1.36941e-07,1.06463e-07,1.3144e-07,2.50577e-07,1.2844e-07,1.38687e-07,2.5168e-07,1.35159e-07,1.40444e-07,2.53567e-07,1.38747e-07,1.45938e-07,2.5495e-07,1.40969e-07,1.45952e-07,2.58509e-07,1.46865e-07
-97.0983,-106.734,-104.626,-120.725,-111.073,-121.255,-111.323,-121.617,-111.74,-122.06,-111.926,-114.331,-120.22,-114.148,-125.325,-125.284,-124.632,-127.021,-127.106,-128.094,-132.323,-128.44,-130.239,-132.336,-131.875,-135.93
0,3.14159,3.14159,0.0933295,1.36889,5.58974,3.15885,1.59435,5.43371,1.27998,3.31111,6.28319,6.28319,6.28319,5.4329,0.775228,1.93513,5.87295,5.49799,3.06619,2.11059,2.86843,4.30341,3.36045,4.16168,2.53182
90,90,112.842,47.843,27.8901,50.7983,32.1339,51.1507,39.9905,49.361,32.3797,107.717,90,108.145,47.5592,77.991,48.365,53.8128,68.1386,50.1928,46.6185,73.5506,53.227,45.2574,67.8676,55.4813
328.229,310.146,328.229,132.157,152.11,129.202,147.866,128.849,140.01,130.639,147.62,310.146,288.783,48.5797,132.441,102.009,48.365,126.187,111.861,50.1928,133.382,106.449,53.227,134.743,112.132,55.4813
90,90,112.842,130.745,153.871,139.088,147.821,122.046,149.692,128.792,144.026,107.717,90,108.145,131.296,104.984,128.884,130.642,105.304,132.916,120.652,103.906,118.203,131.665,112.628,135.213
148.229,229.831,148.229,49.2553,153.871,40.912,147.821,57.9541,149.692,51.2077,144.026,229.831,108.794,131.409,48.7045,104.984,128.884,49.3581,105.304,132.916,59.3478,103.906,118.203,48.3347,112.628,135.213
26
1.09484e-07,1.36551e-07,1.16562e-07,1.38853e-07,1.16607e-07,1.44493e-07,1.17799e-07,1.51236e-07,1.1959e-07,1.65382e-07,1.25288e-07,1.42289e-07,2.56432e-07,1.39519e-07,1.42462e-07,2.5644e-07,1.4162e-07,1.45077e-07,2.57339e-07,1.44312e-07,1.48622e-07,2.58769e-07,1.47029e-07,1.50819e-07,2.61213e-07,1.55419e-07
-98.3342,-107.397,-105.155,-113.618,-109.198,-119.062,-110.349,-125.569,-112.077,-139.221,-117.577,-114.584,-120.411,-114.4,-118.751,-124.418,-120.426,-121.274,-125.286,-123.024,-124.696,-126.666,-125.647,-126.816,-129.025,-133.745
0,3.14159,3.14159,0.563048,3.11984,5.68728,2.86415,0.441215,3.32849,4.52844,0.897008,6.28319,6.28319,6.28319,3.95783,3.97069,1.02378,1.00449,4.28801,1.63563,0.194242,0.530446,4.99255,3.95195,2.2015,4.17184
90,90,110.07,44.6431,28.4572,45.6015,16.8146,49.6477,29.9567,41.1945,27.0554,106.327,90,106.66,39.7558,69.4551,45.061,53.0599,66.9448,48.1347,49.53,57.5929,40.8829,34.6877,64.4168,35.5673
332.826,315.497,332.826,135.357,151.543,134.399,163.185,130.352,150.043,138.806,152.945,315.497,292.311,43.2135,140.244,110.545,45.061,126.94,113.055,48.1347,130.47,122.407,40.8829,145.312,115.583,35.5673
90,90,110.07,134.332,153.777,140.141,153.201,128.815,160.849,136.648,145.727,106.327,90,106.66,139.882,115.877,140.776,144.385,114.981,140.116,126.567,109.024,141.399,126.933,107.687,137.251
152.826,224.48,152.826,45.6677,153.777,39.8588,153.201,51.1853,160.849,43.3519,145.727,224.48,112.322,136.775,40.1183,115.877,140.776,35.6152,114.981,140.116,53.4326,109.024,141.399,53.0673,107.687,137.251
36
1.24544e-07,1.48902e-07,1.46253e-07,1.3081e-07,1.50492e-07,1.47225e-07,1.3107e-07,1.5067e-07,1.47895e-07,1.3342e-07,1.5763e-07,1.52939e-07,1.37862e-07,1.57795e-07,1.62355e-07,1.41947e-07,1.54181e-07,2.63215e-07,1.46269e-07,1.51624e-07,1.54595e-07,2.69953e-07,1.47692e-07,1.53477e-07,1.61819e-07,2.71841e-07,1.48668e-07,1.5511e-07,1.62917e-07,2.73807e-07,1.52075e-07,1.55765e-07,1.71897e-07,2.82748e-07,1.52968e-07,1.56363e-07
-99.4537,-108.034,-107.837,-105.662,-113.568,-112.776,-109.914,-113.74,-113.422,-112.181,-120.458,-118.29,-116.468,-120.617,-127.377,-120.411,-114.8,-120.622,-117.863,-114.611,-119.199,-131.126,-123.236,-120.399,-126.171,-132.947,-124.179,-121.975,-127.231,-134.845,-127.467,-122.606,-135.898,-143.474,-128.329,-123.184
0,3.14159,3.14159,3.14159,5.79535,3.54541,6.2678,1.5337,3.2407,0.40615,4.82073,4.26357,6.19554,2.4122,1.98593,0.463962,6.28319,6.28319,6.28319,6.28319,0.885136,5.41728,4.59124,5.40473,5.64008,0.491525,2.84517,6.21872,4.11933,4.66446,4.40187,4.04867,0.171218,6.24136,2.35438,5.75211
90,90,90,107.806,37.2335,44.6355,19.2058,39.4572,39.0678,12.2016,36.1126,33.3054,25.246,36.9293,28.1604,25.2186,105.037,90,90,105.296,25.1545,63.3101,50.327,37.1237,40.8184,64.1214,36.3102,38.1629,42.3217,68.446,46.1133,48.5235,37.2982,64.019,51.1565,43.3465
336.33,319.995,38.7373,336.33,142.766,44.6355,160.794,140.543,39.0678,167.798,143.887,33.3054,154.754,143.071,28.1604,154.781,319.995,295.669,43.4171,38.7373,154.846,116.69,50.327,37.1237,139.182,115.879,36.3102,38.1629,137.678,111.554,46.1133,48.5235,142.702,115.981,51.1565,43.3465
90,90,90,107.806,139.105,140.537,154.681,141.794,137.155,153.96,144.536,136.02,151.931,135.924,141.295,161.847,105.037,90,90,105.296,150.016,116.283,142.436,132.948,140.108,119.949,143.6,141.191,140.353,106.407,140.06,139.635,144.366,114.094,137.909,137.178
156.33,219.982,141.251,156.33,40.8948,140.537,154.681,38.2062,137.155,153.96,35.4641,136.02,151.931,44.076,141.295,161.847,219.982,115.68,141.401,141.251,29.984,116.283,142.436,132.948,39.8924,119.949,143.6,141.191,39.647,106.407,140.06,139.635,35.6341,114.094,137.909,137.178
31
1.39969e-07,1.62027e-07,1.59593e-07,1.45572e-07,1.69315e-07,1.59599e-07,1.61545e-07,1.69772e-07,1.62589e-07,1.66901e-07,1.70868e-07,1.62977e-07,1.69209e-07,1.82945e-07,1.68139e-07,1.72378e-07,1.66891e-07,2.70854e-07,1.64529e-07,1.73024e-07,2.72429e-07,1.7001e-07,1.75514e-07,2.80823e-07,1.71383e-07,1.85887e-07,2.82764e-07,1.7887e-07,1.86001e-07,2.84577e-07,1.79916e-07
-100.468,-108.631,-108.447,-106.149,-119.665,-112.452,-125.565,-120.106,-115.339,-130.734,-121.164,-115.713,-132.961,-132.819,-120.695,-136.02,-114.98,-120.849,-114.785,-124.899,-126.37,-124.074,-127.302,-134.47,-125.399,-137.313,-136.344,-132.625,-137.423,-138.093,-133.635
0,3.14159,3.14159,3.14159,4.73621,3.75857,5.35205,5.30352,5.48859,4.8835,1.3589,1.89004,1.09254,1.19397,4.45292,0.90447,6.28319,6.28319,6.28319,3.12531,2.39113,3.92982,3.45886,4.97552,4.22513,1.34358,3.28798,3.15048,1.56421,2.14951,4.4156
90,90,90,105.949,36.6839,37.0446,27.3804,37.5641,35.342,27.0226,42.68,33.02,31.43,35.2282,39.2503,19.7038,103.867,90,104.071,40.317,62.2905,35.7687,31.5179,57.536,31.7727,34.465,58.0704,30.7141,36.8238,63.9698,35.5652
339.07,323.785,34.9895,339.07,143.316,37.0446,152.62,142.436,35.342,152.977,137.32,33.02,148.57,144.772,39.2503,160.296,323.785,298.848,34.9895,139.683,117.71,35.7687,148.482,122.464,31.7727,145.535,121.93,30.7141,143.176,116.03,35.5652
90,90,90,105.949,146.332,136.022,166.251,139.582,149.093,154.896,142.641,146.25,159.084,137.726,141.232,153.68,103.867,90,104.071,148.259,124.043,151.992,139.878,135.19,149.458,133.202,123.898,144.941,144.203,110.341,142.776
159.07,216.192,144.999,159.07,33.668,136.022,166.251,40.4177,149.093,154.896,37.3588,146.25,159.084,42.2739,141.232,153.68,216.192,118.859,144.999,31.7413,124.043,151.992,40.1219,135.19,149.458,46.798,123.898,144.941,35.7973,110.341,142.776
